# obstaculos do mapa: x y w h em pixels de images/background.jpg (editor.nx escreve este arquivo)
110 165 95 1223
750 27 667 73
735 143 192 41
1168 143 109 71
770 185 360 215
555 245 215 50
548 248 15 155
1130 250 259 36
1954 0 610 251
2576 30 124 270
2574 310 125 216
2700 20 116 502
1378 445 342 101
1861 387 499 165
2230 560 130 320
1678 800 116 339
1990 889 382 266
2701 567 112 228
2660 895 156 200
998 515 50 85
1045 495 120 125
1100 638 122 72
1320 570 118 130
1950 720 116 60
1100 798 130 60
1060 938 42 80
1100 958 140 60
1099 1122 325 235
304 902 111 83
715 933 85 70
585 1000 135 70
583 1088 90 80
750 1088 210 75
1119 1426 179 92
1320 1430 172 88
1730 1278 120 117
1735 1400 115 136
2020 1291 118 245
1856 1347 82 180
1802 958 133 198
1938 958 50 197
2581 566 110 175
1604 0 346 278
1441 598 72 106
1298 153 117 46
1723 441 134 107
2144 1278 161 229
2572 1229 235 61
1670 547 191 118
1866 555 358 76
2308 1282 93 66
2556 1288 86 69
2396 1381 88 66
2563 1396 75 47
